{
	"greeting": "Greetings from The On-Line Encyclopedia of Integer Sequences! http://oeis.org/",
	"query": "id:A038574",
	"count": 1,
	"start": 0,
	"results": [
		{
			"number": 38574,
			"data": "0,1,2,1,4,5,2,5,8,1,4,5,4,13,14,5,14,17,2,5,8,5,14,17,8,17,26,1,4,5,4,13,14,5,14,17,4,13,14,13,40,41,14,41,44,5,14,17,14,41,44,17,44,53,2,5,8,5,14,17,8,17,26,5,14,17,14,41,44,17,44,53,8,17,26,17,44,53,26,53,80",
			"name": "Write n in ternary, sort digits into increasing order.",
			"link": [
				"Seiichi Manyama, \u003ca href=\"/A038574/b038574.txt\"\u003eTable of n, a(n) for n = 0..10000\u003c/a\u003e",
				"Michael Gilleland, \u003ca href=\"/selfsimilar.html\"\u003eSome Self-Similar Integer Sequences\u003c/a\u003e",
				"Robert Walker, \u003ca href=\"http://robertinventor.com/ftswiki/Self_Similar_Sloth_Canon_Number_Sequences\"\u003eSelf Similar Sloth Canon Number Sequences\u003c/a\u003e"
			],
			"example": [
				"15 = 120 -\u003e 012 = 5, so a(15)=5."
			],
			"mathematica": [
				"Table[FromDigits[Sort[IntegerDigits[n,3]],3],{n,0,90}] (* _Harvey P. Dale_, Dec 08 2015 *)"
			],
			"xref": [
				"Cf. A038573, A004185."
			],
			"keyword": "nonn,base,easy",
			"offset": "0,3",
			"author": "_N. J. A. Sloane_",
			"ext": [
				"More terms from _Erich Friedman_."
			],
			"references": 10,
			"revision": 16,
			"time": "2018-09-25T08:26:04-04:00",
			"created": "1999-12-11T03:00:00-05:00"
		}
	]
}