{
	"greeting": "Greetings from The On-Line Encyclopedia of Integer Sequences! http://oeis.org/",
	"query": "id:A303111",
	"count": 1,
	"start": 0,
	"results": [
		{
			"number": 303111,
			"data": "0,1,1,3,9,3,4,25,25,4,5,81,161,81,5,9,289,961,961,289,9,16,961,6235,11236,6235,961,16,25,3249,39601,137641,137641,39601,3249,25,39,11025,251433,1677025,3270375,1677025,251433,11025,39",
			"name": "Array read by antidiagonals: T(m,n) = number of total dominating sets in the grid graph P_m X P_n.",
			"comment": [
				"Equivalently, the number of n X m binary matrices with every element adjacent to some 0 horizontally or vertically."
			],
			"link": [
				"Andrew Howroyd, \u003ca href=\"/A303111/b303111.txt\"\u003eTable of n, a(n) for n = 1..435\u003c/a\u003e",
				"Eric Weisstein's World of Mathematics, \u003ca href=\"http://mathworld.wolfram.com/GridGraph.html\"\u003eGrid Graph\u003c/a\u003e",
				"Eric Weisstein's World of Mathematics, \u003ca href=\"http://mathworld.wolfram.com/TotalDominatingSet.html\"\u003eTotal Dominating Set\u003c/a\u003e"
			],
			"example": [
				"Table begins:",
				"=======================================================================",
				"m\\n|  1    2      3        4          5            6              7",
				"---|-------------------------------------------------------------------",
				"1  |  0    1      3        4          5            9             16 ...",
				"2  |  1    9     25       81        289          961           3249 ...",
				"3  |  3   25    161      961       6235        39601         251433 ...",
				"4  |  4   81    961    11236     137641      1677025       20430400 ...",
				"5  |  5  289   6235   137641    3270375     76405081     1783064069 ...",
				"6  |  9  961  39601  1677025   76405081   3416753209   152598828321 ...",
				"7  | 16 3249 251433 20430400 1783064069 152598828321 13057656650476 ...",
				"..."
			],
			"xref": [
				"Rows 1..2 are A195971(n-1), A141583(n+1).",
				"Main diagonal is A133793.",
				"Cf. A218354 (dominating sets), A291872 (connected dominating sets).",
				"Cf. A303114 (king graph), A303118 (minimal total dominating sets)."
			],
			"keyword": "nonn,tabl",
			"offset": "1,4",
			"author": "_Andrew Howroyd_, Apr 18 2018",
			"references": 6,
			"revision": 8,
			"time": "2018-04-18T19:56:35-04:00",
			"created": "2018-04-18T19:56:35-04:00"
		}
	]
}