{
	"greeting": "Greetings from The On-Line Encyclopedia of Integer Sequences! http://oeis.org/",
	"query": "id:A337662",
	"count": 1,
	"start": 0,
	"results": [
		{
			"number": 337662,
			"data": "1,2,2,5,4,5,7,10,10,7,15,14,25,14,15,22,30,35,35,30,22,31,44,75,49,75,44,31,50,62,110,105,105,110,62,50,68,100,155,154,225,154,155,100,68,90,136,250,217,330,330,217,250,136,90,101,180,340,350,465,484,465,350,340,180",
			"name": "Multiplication table from A337655, read by antidiagonals.",
			"link": [
				"Peter Kagey, \u003ca href=\"/A337662/b337662.txt\"\u003eTable of n, a(n) for n = 1..10011\u003c/a\u003e (first 141 antidiagonals, flattened)"
			],
			"example": [
				"The multiplication table from A337655 begins:",
				"   1,   2,   5,   7,   15,   22,   31,   50,   68,   90, ...",
				"   2,   4,  10,  14,   30,   44,   62,  100,  136,  180, ...",
				"   5,  10,  25,  35,   75,  110,  155,  250,  340,  450, ...",
				"   7,  14,  35,  49,  105,  154,  217,  350,  476,  630, ...",
				"  15,  30,  75, 105,  225,  330,  465,  750, 1020, 1350, ...",
				"  22,  44, 110, 154,  330,  484,  682, 1100, 1496, 1980, ...",
				"  31,  62, 155, 217,  465,  682,  961, 1550, 2108, 2790, ...",
				"  50, 100, 250, 350,  750, 1100, 1550, 2500, 3400, 4500, ...",
				"  68, 136, 340, 476, 1020, 1496, 2108, 3400, 4624, 6120, ...",
				"  90, 180, 450, 630, 1350, 1980, 2790, 4500, 6120, 8100, ...",
				"  ..."
			],
			"xref": [
				"Cf. A337655, A337659, A337661, A337662."
			],
			"keyword": "nonn,tabl",
			"offset": "1,2",
			"author": "_N. J. A. Sloane_, Oct 04 2020.",
			"references": 8,
			"revision": 13,
			"time": "2020-10-05T01:45:39-04:00",
			"created": "2020-10-05T01:45:39-04:00"
		}
	]
}