{
	"greeting": "Greetings from The On-Line Encyclopedia of Integer Sequences! http://oeis.org/",
	"query": "id:A343042",
	"count": 1,
	"start": 0,
	"results": [
		{
			"number": 343042,
			"data": "0,0,0,0,1,0,0,2,2,0,0,3,6,3,0,0,2,8,8,2,0,0,3,6,9,6,3,0,0,6,8,8,8,8,6,0,0,7,24,9,12,9,24,7,0,0,8,26,30,14,14,30,26,8,0,0,9,30,33,24,15,24,33,30,9,0,0,8,32,32,26,30,30,26,32,32,8,0",
			"name": "Array T(n, k), n, k \u003e= 0, read by antidiagonals; lunar multiplication table for the factorial base.",
			"comment": [
				"To compute T(n, k):",
				"- write the factorial base representations of n and of k on two lines, right aligned,",
				"- to \"multiply\" two digits: take the smallest,",
				"- to \"add\" two digits: take the largest,",
				"- for example, for T(13, 14):",
				"     12   -\u003e   2 0 1",
				"     14   -\u003e x 2 1 0",
				"             -------",
				"               0 0 0",
				"             1 0 1",
				"         + 2 0 1",
				"         -----------",
				"           2 1 1 1 0  -\u003e  272 = T(13, 14)",
				"See A343040 for the corresponding addition table."
			],
			"link": [
				"Rémy Sigrist, \u003ca href=\"/A343042/b343042.txt\"\u003eTable of n, a(n) for n = 0..10010\u003c/a\u003e",
				"Rémy Sigrist, \u003ca href=\"/A343042/a343042.gp.txt\"\u003ePARI program for A343042\u003c/a\u003e",
				"\u003ca href=\"/index/Di#dismal\"\u003eIndex entries for sequences related to dismal (or lunar) arithmetic\u003c/a\u003e",
				"\u003ca href=\"/index/Fa#facbase\"\u003eIndex entries for sequences related to factorial base representation\u003c/a\u003e"
			],
			"formula": [
				"T(n, k) = T(k, n).",
				"T(m, T(n, k)) = T(T(m, n), k).",
				"T(n, 0) = 0."
			],
			"example": [
				"Array T(n, k) begins:",
				"  n\\k|  0  1   2   3   4   5    6    7    8    9   10   11   12",
				"  ---+---------------------------------------------------------",
				"    0|  0  0   0   0   0   0    0    0    0    0    0    0    0",
				"    1|  0  1   2   3   2   3    6    7    8    9    8    9    6",
				"    2|  0  2   6   8   6   8   24   26   30   32   30   32   24",
				"    3|  0  3   8   9   8   9   30   33   32   33   32   33   30",
				"    4|  0  2   6   8  12  14   24   26   30   32   36   38   48",
				"    5|  0  3   8   9  14  15   30   33   32   33   38   39   54",
				"    6|  0  6  24  30  24  30  120  126  144  150  144  150  120",
				"    7|  0  7  26  33  26  33  126  127  152  153  152  153  126",
				"    8|  0  8  30  32  30  32  144  152  150  152  150  152  144",
				"    9|  0  9  32  33  32  33  150  153  152  153  152  153  150",
				"   10|  0  8  30  32  36  38  144  152  150  152  156  158  168",
				"   11|  0  9  32  33  38  39  150  153  152  153  158  159  174",
				"   12|  0  6  24  30  48  54  120  126  144  150  168  174  240"
			],
			"program": [
				"(PARI) See Links section."
			],
			"xref": [
				"Cf. A087062, A343040, A343046."
			],
			"keyword": "nonn,base,tabl",
			"offset": "0,8",
			"author": "_Rémy Sigrist_, Apr 05 2021",
			"references": 3,
			"revision": 15,
			"time": "2021-04-08T10:48:29-04:00",
			"created": "2021-04-07T19:58:37-04:00"
		}
	]
}